,Unnamed: 0,b'SEEG GLA3',b'SEEG GLA4',b'SEEG GLA5',b'SEEG GLA6',b'SEEG GLA7',b'SEEG GLA8',b'SEEG GLB1',b'SEEG GLB2',b'SEEG GLB3',b'SEEG GLB4',b'SEEG GLB5',b'SEEG GLB6',b'SEEG GLB7',b'SEEG GLB8',b'SEEG GLC1',b'SEEG GLC2',b'SEEG GLC3',b'SEEG GLC4',b'SEEG GLC5',b'SEEG GLC6',b'SEEG GLC7',b'SEEG GLC8',b'SEEG GLD1',b'SEEG GLD2',b'SEEG GLD3',b'SEEG GLD4',b'SEEG GLD5',b'SEEG GLD6',b'SEEG GLD7',b'SEEG GLD8',b'SEEG GLE1',b'SEEG GLE2',b'SEEG GLE3',b'SEEG GLE4',b'SEEG GLE5',b'SEEG GLE6',b'SEEG GLE7',b'SEEG GLE8',b'SEEG GLF1',b'SEEG GLF2',b'SEEG GLF3',b'SEEG GLF4',b'SEEG GLF5',b'SEEG GLF6',b'SEEG GLF7',b'SEEG GLF8',b'SEEG GLG1',b'SEEG GLG2',b'SEEG GLG3',b'SEEG GLG4',b'SEEG GLG5',b'SEEG GLG6',b'SEEG GLG7',b'SEEG GLG8',b'SEEG GLH1',b'SEEG GLH2',b'SEEG GLH3',b'SEEG GLH4',b'SEEG GLH5',b'SEEG GLH6',b'SEEG GLH7',b'SEEG GLH8',b'SEEG ILa1',b'SEEG ILa2',b'SEEG ILa3',b'SEEG ILa4',b'SEEG ILb1',b'SEEG ILb2',b'SEEG ILb3',b'SEEG ILb4',b'SEEG ILc1',b'SEEG ILc2',b'SEEG ILc3',b'SEEG ILc4'
Unnamed: 0,0.0,0.0030864151273336114,0.001624034729878469,-0.005885377507439068,-0.007245731097317,-0.006087314237093215,-0.0026770900529646422,0.0024997013604192556,-0.0004879427193446585,0.0053229013904991015,0.0024198368563029065,-0.006277522176913913,-0.006622528878052864,-0.0031925591919116773,0.007344939823452172,-0.003131352647675904,-0.003085024277821417,-0.002451149006884211,0.0034509757942556623,-0.004698671209889486,-0.004084743230798878,-0.0011630370319545206,0.002692812802836638,-0.005288544327194418,0.0007909123167716835,0.0021770124265944805,0.00016762633834864455,-0.0033000418319447554,-0.0012778520711549841,-0.003673354920048595,-0.0033466736740813507,-0.0016363303181051519,0.0010633431095123525,-0.0012259957528765444,0.00045925096299639196,0.002343022693275069,0.0035087901367863075,-0.00012646365922716008,-0.0017214510449391515,-0.0024653882190162086,-0.0015205092257705806,0.00024255977418035927,0.002096791581360286,0.0009988161156315996,0.007036521026173988,0.00250729682273751,0.004834185406405444,-0.0009655514051890152,-0.0016213430335138377,0.0009866386264171581,0.0041492412364794425,0.0023376716256500456,0.005172005299699414,0.00750722863755865,0.005950015969177952,-0.0009182649103164312,-0.0004294204539248051,0.002364765728456514,0.001602308348668914,0.005514457222354416,0.004076976421028852,-0.0019080634912062929,-0.0010892120012909441,-0.0009359370828455226,-0.0018265137204001465,0.0029988427583757184,0.00519494194413024,-0.0035838419169150607,-0.003205496942079634,-0.0012962693160128804,0.0007486503269055944,0.004572897996610194,-0.009351282453071447,-0.008823816244459824,0.005960801477772346
b'SEEG GLA3',0.0030864151273336114,0.0,0.2851713425290676,-0.040371811956052876,0.044379567362545856,0.17319660166799875,-0.06875870881808191,-0.17004368235799405,0.08859958126573975,0.6668729028237185,0.39063729324028845,0.056690280694378585,0.1231854942149997,0.10299452350450561,0.04927566682578217,-0.09792068708673543,-0.06677960107126589,0.11409439821070748,0.34023682812042044,0.07183817492661156,0.0222059839083912,0.03241226011056802,0.06355911280589484,0.01939918752023163,0.06908956668137597,0.1533085066366361,0.10116045479565566,0.07862471583972747,0.10151169929585181,0.16358102567044558,0.08670664201971462,0.13451074734725216,0.12439623563351479,0.19548437416513112,0.19510322019810294,0.27873906947441796,0.3087987180911611,0.2832711826611193,0.2606489968671518,0.09145606264210762,0.10537547026193621,0.17828090429351873,0.3628062652147527,0.3150835657164873,0.28515184295639984,0.27081930822773165,0.14219849359187003,-0.019514954632422886,-0.026060784837009708,0.06769760116503849,0.19975437354827352,0.2751344013521023,0.28965991371622996,0.15924489134920475,-0.017784030958481155,-0.04455198768859504,-0.09644066024666545,-0.024776244015662516,0.05518689175616419,0.1344711384663614,-0.0836342882055663,-0.1776000098449657,0.04477742268483894,0.04985595831365066,-0.15538434196826964,0.0035479368906668673,-0.21050917740386307,-0.04513061268112452,-0.1882563562472463,-0.1727885429984412,0.2411143499216133,-0.04567758472882429,-0.0077218087534460245,0.10212867848901612,0.005078418127602482
b'SEEG GLA4',0.001624034729878469,0.2851713425290676,0.0,0.51061971694205,0.32183996990200536,0.24008558555302487,0.21209357280373095,0.13924295370510334,0.30739598626429515,0.13883426457647643,0.24350193069289436,0.3966705716270111,0.3770684016242132,0.28486757660229245,0.15931645630653882,0.20649267575411823,0.209652206619084,0.15315892380882395,0.3933213586978908,0.401003190834967,0.41070113357498167,0.2818057470740563,0.12104817983045645,0.13262516598591048,0.17600386651213668,0.32967193808214346,0.41970743922962794,0.4105294653372586,0.33006869358911745,0.22494720242018332,0.1461987345912186,0.13544630992575046,0.13032534991711764,0.2548355294087368,0.38344431081966746,0.1962756280951839,0.019019020416849063,-0.011701610048628859,0.053826694315253026,0.13295618152089936,0.11876010210521382,0.14103941898509753,0.24955850000411345,0.0679231451243826,-0.03376001910798581,-0.053081967267331415,-0.03162419574913513,0.1712186964838485,0.13376237052413575,0.20377543577885984,0.2602538359629949,0.13116907744204223,0.00827830725780661,-0.011217146795943822,-0.09693893529207309,0.21560065291425437,0.21218602551085564,0.18618664113334113,0.15061348718822498,0.08419903858106849,0.024252971213554547,0.016139204079535376,0.0666842029830046,-0.07846212745007348,-0.3106881929678434,0.037664510932272244,0.13022779642803456,-0.02430570279523051,0.0520687790398441,-0.0008601398270489641,0.3213730214705386,-0.29212421701963726,-0.022348276457525754,0.13091674647220966,0.0026826334134674606
b'SEEG GLA5',-0.005885377507439068,-0.040371811956052876,0.51061971694205,0.0,0.7752987140849636,0.4610851315061347,0.24708952846616486,0.17696846284369414,0.18874814101802276,0.09981259930817454,0.3583188885062499,0.6509607115115786,0.6638268376351704,0.5518054826288599,0.17856098132610507,0.2657023486568834,0.3193358647420374,0.2865429098817679,0.38221536367579945,0.3763701574180468,0.45393183269390447,0.4156125959295092,0.17457321817723573,0.10807713663796675,0.042764056945992834,0.23167863957965731,0.37813021194424706,0.3869770797668668,0.3681204977768086,0.29644880169040455,0.2375632718297839,0.15131889571263063,0.2007737653357967,0.29229753380671974,0.38742604907460926,0.24769559025548146,0.03795387018175942,0.008526324251599398,0.11477659257005089,0.22840599475640774,0.2506786827221082,0.2516300372243824,0.2662186318567183,0.052880514180462794,-0.03460435835948457,-0.04178029996832641,-0.04061710323658379,0.24596101509701768,0.1921610266949383,0.20573388687778596,0.23716940532232905,0.04945942050305238,0.0366500515419833,-0.03541707190772659,-0.14271195305713605,0.1831448540628215,0.15965691919310082,0.1760574417542846,0.14195990600476396,0.13920370818790873,0.10857288280307767,0.09929434085613406,0.12162275368910978,0.07488461535231632,-0.005853649301846854,-0.10196716597377806,0.11132774409345304,0.023761083007506265,-0.07763660850942078,-0.016253624447118874,0.16783026835696285,-0.12297140673372398,-0.030181867244792715,-0.07868610153465598,-0.03887471958056113
b'SEEG GLA6',-0.007245731097317,0.044379567362545856,0.32183996990200536,0.7752987140849636,0.0,0.8434542652661138,0.31160718239508695,0.07296405267129238,0.10564239000535779,0.11627700473721454,0.40283268615759654,0.705388602470065,0.8342077376479791,0.7919776655910206,0.2626864531955401,0.15913489020516133,0.15325547436817225,0.31456080398248065,0.4813326164253204,0.4605129761399303,0.5617487637943278,0.5541128896050215,0.22578122446156013,-0.04294793963661481,0.01957287249001603,0.31425672715533987,0.4580546632611996,0.3752869379712561,0.428642606224266,0.3895568922027189,0.24398940032174507,0.05363344433405474,0.13906969618682058,0.3302151055787789,0.4086613011136327,0.2808384647456985,0.1324858844348739,0.08283665701367222,0.13982179666197905,0.15646952497426153,0.20604350698208754,0.27980327719170156,0.2772953058427178,0.11533537430388163,0.06005632312161706,0.03810501922305207,0.01784045704466194,0.18740510102482952,0.15016268364708207,0.17263859403926746,0.16389717212100233,0.08957392301000967,0.1104551100738251,-0.06115134481164321,-0.07443514195722009,0.13516633537188102,0.11219283010855903,0.10518679886833474,0.04144952299926963,0.10557076247989368,-0.0014505285788299301,0.015272344210423946,0.1879219536475369,-0.030004010215513084,-0.10580826012111602,-0.1468804156005283,0.04881279222129357,-0.09588686865002938,-0.16345482708235834,-0.13903602563839304,0.19985393279609887,-0.058558664844584496,0.025088104676621377,-0.14728182785169136,-0.2515885138510436
b'SEEG GLA7',-0.006087314237093215,0.17319660166799875,0.24008558555302487,0.4610851315061347,0.8434542652661138,0.0,0.34944531749078556,0.01798170905704465,0.020323792737087704,0.14191975260255565,0.29741154580473933,0.5065430386125958,0.691874732673198,0.7584215777071954,0.23019736815303235,0.043771295988928226,0.018986255942291256,0.23572562943865127,0.4442656917668683,0.39989986245406567,0.4737024299689122,0.4680298287459385,0.12965262642725212,-0.06853957787526573,0.05178968857089677,0.3724225583584992,0.42750143761868115,0.28492028396033503,0.35295380591350256,0.3706814469073706,0.1982546462887948,0.04531126326498322,0.15101907225378192,0.3511967388065087,0.37058631441707784,0.2744926497642611,0.23374525029212265,0.20477824329604688,0.1927796443483587,0.1290540704650756,0.18447747900882228,0.3005167045838907,0.3075762568085419,0.20916255380407645,0.16164225316149602,0.1596699696917088,0.11180217400572587,0.16387810046148238,0.10412921051947716,0.15072224416295657,0.14891767904061087,0.17665732236782472,0.19866986677620158,-0.02897307916026103,-0.01219875958708498,0.12824942739454528,0.09594281011558818,0.07757125686546897,0.006421714027605095,0.09310710486407586,-0.0550595089091472,-0.09451561835134242,0.15241153281156397,-0.09110573272403626,-0.1414853544472551,-0.15047941032459525,0.02896896365273606,-0.20585978094968085,-0.19042847958424786,-0.2169582805646708,0.21029411822558614,0.0771164667219753,0.10078456676089292,-0.11991184535761945,-0.2990236521788462
b'SEEG GLA8',-0.0026770900529646422,-0.06875870881808191,0.21209357280373095,0.24708952846616486,0.31160718239508695,0.34944531749078556,0.0,0.3837861240490246,0.2751139414114519,0.10390648550535699,0.24625158471179096,0.30508939138038216,0.27140441622980555,0.36592751305571114,0.42249830743480465,0.1678318471271654,0.26239791588271544,0.23349185048129945,0.3203065145478503,0.1657262503471121,0.23770042214581158,0.3060756182426686,0.20780036682237213,0.19886768787213113,0.2380805173136151,0.4081960200294779,0.3576253622253795,0.18054168558894557,0.19212332322434583,0.2308771117710093,0.1815586742928508,0.24795066233969826,0.25094763017818217,0.3331610212084426,0.30287680152173163,0.1681355337152957,0.15682046654794868,0.15144530427532218,0.19378338236606502,0.30467798410827923,0.29095085850967667,0.3104937127292142,0.21597707694936807,0.10661101215586775,0.07973155694202633,0.10050141964221505,0.1736983011876102,0.3884290448986457,0.28536565108613643,0.24973080428267777,0.1382093819863683,0.09846184846461425,0.0716255915839093,-0.04221219659521213,0.09013724547473213,0.3713038250192398,0.3526812329086192,0.24343082183556572,0.10242093619126444,0.09622469140274711,0.022502330904608694,-0.07305047500546764,0.05108735277755901,0.04728214448944608,0.017084576802695237,0.19592302329943562,0.28888483540949583,-0.048083964635334826,0.22094355471326813,0.20347205205380178,0.3143830508141521,0.0024704627592983153,0.3135316139681586,0.05739500220325279,0.09156958355561094
b'SEEG GLB1',0.0024997013604192556,-0.17004368235799405,0.13924295370510334,0.17696846284369414,0.07296405267129238,0.01798170905704465,0.3837861240490246,0.0,0.5742215290474741,0.14012435891757172,0.2254029524465579,0.3105678302451811,0.15257804675185652,0.15286928747692266,0.26075911753596304,0.7588363491033129,0.6544551548242818,0.45706456881621077,0.3595001103709961,0.2494178164155564,0.25735364486143397,0.21364140802544035,0.16513237698860214,0.5020284300725251,0.6138333417673112,0.5745909940359336,0.5016012915990384,0.3718593931015746,0.3046807921021387,0.23103829926149347,0.1815512188608485,0.5362471388326434,0.558206433888038,0.5600017556315466,0.557465864178728,0.36784291339094144,0.21359950087663854,0.1802691203216928,0.2864426879731335,0.5559620097839504,0.5929196620503846,0.5793604219455729,0.4457148218629596,0.16035381080832975,0.10811515827618287,0.15063821094267635,0.2968005519119788,0.6198998417491253,0.5544401390961798,0.5654275818779884,0.4653019608225303,0.13676926264513778,0.147195622044204,0.11387894707806895,0.1838665782433973,0.5329052376849807,0.5455275549945432,0.5366398405699141,0.38810921715841185,0.3165563991060112,0.22473915202673297,0.07670877699876709,-0.03297192899882326,0.2361619286125887,0.3181790833059888,0.2987659618864519,0.5045895304231617,0.21179034549816503,0.33116393264434674,0.4812304811512899,0.2217545731682263,0.028484635994334147,0.3047266229161607,0.23558419976763265,0.2766461533539623
b'SEEG GLB2',-0.0004879427193446585,0.08859958126573975,0.30739598626429515,0.18874814101802276,0.10564239000535779,0.020323792737087704,0.2751139414114519,0.5742215290474741,0.0,0.2960466716813541,0.19068370542693294,0.3170780235668384,0.22023241763771256,0.2088844952360018,0.3101566088437764,0.5597687355098058,0.6333919357072916,0.5099863781426067,0.251677161167083,0.15509790411320812,0.23460420503797208,0.22819083941025536,0.22610272429620082,0.44834605971758035,0.4190940208443461,0.3825696839472336,0.31879489481175743,0.21945899175386754,0.20104518608594518,0.13866196091473948,0.1189787499679113,0.4379952395245106,0.3783689228302574,0.356267982448063,0.31882641378416715,0.12490360057926869,0.015410648383845657,0.023019353924606887,0.14331175374269933,0.3998083684662407,0.4080600852700528,0.3478479344449779,0.20165446397810122,-0.06409388302311494,-0.08783129949432553,-0.02059134529939594,0.16243801300561672,0.422586515503355,0.3951095318076508,0.45792225535754577,0.29630130724619935,-0.11770905715274958,-0.10776366182144581,-0.005262247702919026,0.17935588635738556,0.3778379295766287,0.4087617963328362,0.42794356011820484,0.3055457286394015,0.16661320851004394,0.0792855892289035,0.16610441978282584,0.22958092921199277,0.07748689631726258,0.002861584669382715,0.07169491069292223,0.10527467062748792,-0.036665412880375496,0.10146705285844054,0.2048042820380297,0.22000622708848894,-0.08196975387170803,0.22030279311466036,0.12412704769722875,0.10409143537887704
b'SEEG GLB3',0.0053229013904991015,0.6668729028237185,0.13883426457647643,0.09981259930817454,0.11627700473721454,0.14191975260255565,0.10390648550535699,0.14012435891757172,0.2960466716813541,0.0,0.7012687766292905,0.2771781146796853,0.21211004926033833,0.24512637194432801,0.2579983830017448,0.21435550770835687,0.354534108306185,0.569969734694874,0.5573352098145937,0.12083874131580176,0.11648644915956037,0.20511124095292785,0.28209907115833527,0.3328866820993593,0.3985081624437351,0.3887220083079428,0.2868955293132682,0.13689794331568725,0.12937083999127474,0.18317259474201347,0.1810788344404977,0.4418935132808268,0.4585966040533481,0.41266753940861844,0.3439654596563411,0.31104477936376135,0.22077120646352846,0.19515430700078842,0.30912735498961647,0.4369801170547142,0.4609958997805756,0.4176218498739014,0.37125548786053825,0.18899908357343623,0.15835546491716118,0.16147128324223528,0.1517140110060914,0.3258841947076904,0.2662017258971768,0.28597891953341065,0.23740053222940763,0.13724493662697534,0.17610038004219025,0.08440321230618614,-0.03894030974347397,0.21689937180099683,0.1388052535106709,0.1863520373662799,0.19353075677077716,0.26750491917265906,0.0766946521582284,-0.086569230817954,0.044712227483321196,0.14233413020330007,0.12708138510926992,0.1184239964722205,0.14124883899180946,0.03296597086267808,-0.10810968506523332,0.13235527362380095,0.17593398498348456,0.09923693275899527,0.06485292582837439,0.0921148080462764,-0.002625687519660177
b'SEEG GLB4',0.0024198368563029065,0.39063729324028845,0.24350193069289436,0.3583188885062499,0.40283268615759654,0.29741154580473933,0.24625158471179096,0.2254029524465579,0.19068370542693294,0.7012687766292905,0.0,0.6948992696034549,0.5229824868521048,0.4617458480360352,0.2991527645033618,0.28652933650484164,0.37523601318271993,0.5302404170649819,0.8086473971930817,0.4611041246607146,0.43676704067182875,0.4078057099776738,0.27686137612583833,0.2242274750031581,0.3793627111283258,0.5016169365253986,0.47432534332491577,0.42161066794515656,0.4561962129905716,0.36256537352189605,0.2547305890313986,0.3272709109253862,0.41844633596250846,0.4913669372597859,0.5321595268404202,0.4892292511493809,0.2828422298084932,0.20102262174375027,0.3326381203739117,0.4289451088721942,0.4999703558154921,0.5192747113688145,0.5497300552937566,0.26166787509583755,0.18168718779846993,0.15860342417815598,0.10543827648649484,0.4482415882010653,0.41610620270803245,0.434877602155765,0.45147230276768524,0.2174994626517027,0.2613025574006322,0.14439428917090658,-0.11496900380103359,0.3798606572399742,0.3179257871048814,0.36192692905590335,0.3886815560763867,0.45343062856168903,0.1569755046102481,-0.004190757419549436,0.057886095908720056,0.1477938695762077,0.1169112696928673,0.1689941841700112,0.35006989673956634,0.06950069710778445,-0.11186160794556682,0.20975674625015142,0.30218792373199554,-0.04501078936935629,0.04971534759550751,0.09888868525985851,-0.010671154382631123
b'SEEG GLB5',-0.006277522176913913,0.056690280694378585,0.3966705716270111,0.6509607115115786,0.705388602470065,0.5065430386125958,0.30508939138038216,0.3105678302451811,0.3170780235668384,0.2771781146796853,0.6948992696034549,0.0,0.8837285196720019,0.7600838874798922,0.36327761181827056,0.4120197430571632,0.48535001103888376,0.5258577432899408,0.7280568709047934,0.7371470826148341,0.7798030152081126,0.6941006502216723,0.3569227563076789,0.15678113507452587,0.2592518623360511,0.5447401538362404,0.6464538293339895,0.6712420244664333,0.7179466298201347,0.5770224920590722,0.4102572849338131,0.24415950739071246,0.3413632035972966,0.5261506132970984,0.6517620128032379,0.5525991312393965,0.2655822159058161,0.17040927642125261,0.3295840273538155,0.3708716087880342,0.42931214121630357,0.4827438828386878,0.5289422512827789,0.23790037057284677,0.13663576923511472,0.10094111115147279,0.07494066009528935,0.4225696847131801,0.381986283448108,0.43197496158375204,0.4123404478250443,0.21288604177589582,0.22806100156231435,0.03832212369183067,-0.15306912747947707,0.34117138966841715,0.33247316975512475,0.3275263922748319,0.2851098930613802,0.3318438264763258,0.11601384984999077,-0.004730064888389826,0.1466137483857129,0.0794862992971878,0.06160742711529841,0.10195198227795996,0.2853534193687052,0.08319670398326479,0.0015366890945210851,0.20879069391906024,0.2644539324559964,-0.11155982179884989,0.16603589215915884,0.10516902062297814,-0.0088060572847955
b'SEEG GLB6',-0.006622528878052864,0.1231854942149997,0.3770684016242132,0.6638268376351704,0.8342077376479791,0.691874732673198,0.27140441622980555,0.15257804675185652,0.22023241763771256,0.21211004926033833,0.5229824868521048,0.8837285196720019,0.0,0.9195717067936942,0.4288113617600697,0.3115629699147944,0.3063263914742894,0.4218671710592791,0.6373556586588496,0.7423265766166217,0.8480751468176759,0.7902997579707871,0.41535658234372064,0.05326982887670071,0.12751613592264538,0.4358409965619944,0.5578554606373667,0.6246863873960246,0.7022497955126743,0.5744385065643506,0.37418488310025827,0.13272896390603067,0.23715085349586368,0.4448584745684091,0.5441310254124883,0.46522718361687515,0.22462014926066415,0.12161717013453939,0.22509405869694668,0.22332651388564284,0.29927086274426135,0.3820222885268609,0.4372481117582522,0.22194825267846882,0.11750881308723489,0.055529617487187426,-0.005665670083656246,0.25051031438089383,0.23960565228624858,0.26642693131905876,0.27722456766416476,0.22145958480681502,0.1945205406962359,-0.04889988438611639,-0.18089559074075562,0.17785786113337768,0.17517632450020715,0.15132452298811597,0.10217637179673762,0.15188319805070827,0.015361844566331332,-0.048864219973997994,0.14945855114129591,0.014713576144663704,-0.06317408144701334,-0.04160840953388932,0.08039413167295976,-0.03132205782845431,-0.10679166218069365,-0.023115334361637586,0.21038189629248316,-0.08941687875644674,0.11123748769492708,-0.004867273501973416,-0.18947683576542887
b'SEEG GLB7',-0.0031925591919116773,0.10299452350450561,0.28486757660229245,0.5518054826288599,0.7919776655910206,0.7584215777071954,0.36592751305571114,0.15286928747692266,0.2088844952360018,0.24512637194432801,0.4617458480360352,0.7600838874798922,0.9195717067936942,0.0,0.6360014492731837,0.25213102610727817,0.2768048703012707,0.4250307819300841,0.6167081868902453,0.6383436390068432,0.8389384578232608,0.8955463807183145,0.5888266618819485,-0.020810953436941573,0.1609785893863708,0.47012380063417625,0.550979742617223,0.5575472151883802,0.7255857950246309,0.6770695467542505,0.4857606622208543,0.08998106006970008,0.2128208075689412,0.422944458929881,0.5107685717579511,0.4688486708324662,0.2957058750541914,0.19301518759752054,0.2922232320172876,0.18081852373685606,0.26763059285906865,0.35978629668700174,0.44318504917862095,0.28261657200052137,0.19572442652239114,0.12304304494775453,0.07568397538994429,0.20206758376076073,0.16124079766446778,0.22174665638448954,0.23336258479111383,0.28153120973515955,0.24083833850233366,-0.026473108154226925,-0.10277021242542762,0.12582807947684377,0.09763219468765805,0.07507676931614157,-0.010704386281660686,0.08063322557882874,-0.026088324540127675,-0.14966854446059788,0.06877347316823884,0.001577324411516361,-0.09020852324794046,-0.015255932358704666,0.13866411737379195,-0.0745821230461225,-0.10291058570336291,-0.0037731219286640146,0.25953890241552524,-0.04405645460135166,0.18244868131202888,-0.031215391351712845,-0.1844834265755597
b'SEEG GLB8',0.007344939823452172,0.04927566682578217,0.15931645630653882,0.17856098132610507,0.2626864531955401,0.23019736815303235,0.42249830743480465,0.26075911753596304,0.3101566088437764,0.2579983830017448,0.2991527645033618,0.36327761181827056,0.4288113617600697,0.6360014492731837,0.0,0.19988997970992567,0.2505100690034411,0.30682216540418444,0.36621555612934936,0.3069006802488746,0.5336455345685188,0.7383059308025564,0.8098332200800644,0.07293623493642241,0.23407027235524336,0.2938349921196033,0.30791073252375156,0.31536944666152705,0.5422659078405093,0.5775749074442685,0.47062333273612983,0.12335336651234072,0.15219855227231427,0.2209008845544256,0.27813232698827633,0.33699787412938803,0.3011857478819157,0.2148223512280316,0.32023113153716426,0.11029536300960227,0.1588688102662749,0.19623951292570618,0.2894439273111031,0.27055354456599606,0.2444552232695897,0.175164755394488,0.2245690453386722,0.11060629929485731,0.04912572428753678,0.10453059062470094,0.10189488629629644,0.29863304482995806,0.23898959190792762,0.07502461866792058,0.11136941364081655,0.05386435633533187,0.01632704896786563,-0.024321136916462274,-0.11662028663735888,-0.04132724730656537,0.010336073253769992,-0.21281242321319424,-0.10743361224729761,0.08294921570362136,-0.06291973007353013,0.04735573324441264,0.21567955453030047,0.1032577645809561,0.03522058937416648,0.13678174694216072,0.2481260219241334,-0.040937935836128585,0.28485501513042616,0.05729574165881537,0.013205277275927702
b'SEEG GLC1',-0.003131352647675904,-0.09792068708673543,0.20649267575411823,0.2657023486568834,0.15913489020516133,0.043771295988928226,0.1678318471271654,0.7588363491033129,0.5597687355098058,0.21435550770835687,0.28652933650484164,0.4120197430571632,0.3115629699147944,0.25213102610727817,0.19988997970992567,0.0,0.7258143813202378,0.564317664172141,0.3677864418501165,0.3262711415333875,0.36210706111295765,0.2689315634559653,0.21364526890153007,0.6062197868236496,0.603438868072013,0.5776443290451134,0.4730239347555572,0.4037693417745244,0.33330028193135564,0.12847807688237348,0.1159637441750576,0.632312697220922,0.6643674739165634,0.6339091680547909,0.5447837210538476,0.2221669494484141,-0.11110316051241462,-0.1842670281423367,-0.012044847030195975,0.6527609724902566,0.6902586528210958,0.6322755319759588,0.33475094351839096,-0.11028822034811207,-0.20684079511372708,-0.2198106101409863,-0.04631662876637298,0.6844040552369424,0.6771604130338077,0.6559549748671842,0.46494030487543364,-0.10645317199032413,-0.13986182453478288,-0.07925672870851125,0.047698750600897205,0.6242318057531325,0.6634864742675942,0.6390622336496565,0.4848570208097646,0.3247448681862307,0.3008863256267587,0.29717896508400515,0.16408108974677807,0.06301083286080089,0.18931218239354938,0.2400323570517884,0.4358985315847358,0.18503374491557337,0.30620057105000437,0.43174759533917484,0.28202148405921057,-0.008421777164027937,0.16019553330210548,0.23492011415369987,0.2290621627080119
b'SEEG GLC2',-0.003085024277821417,-0.06677960107126589,0.209652206619084,0.3193358647420374,0.15325547436817225,0.018986255942291256,0.26239791588271544,0.6544551548242818,0.6333919357072916,0.354534108306185,0.37523601318271993,0.48535001103888376,0.3063263914742894,0.2768048703012707,0.2505100690034411,0.7258143813202378,0.0,0.7364028289442217,0.5112472914388196,0.37534195618537364,0.3866858955548326,0.34007234355611227,0.3168552402967691,0.6276645006549543,0.6723412419426058,0.6423958617490421,0.5525801119118939,0.4800525074673723,0.35479916392558486,0.22380289763912578,0.26325342861299517,0.684221045663015,0.6932165941626581,0.6511007675191857,0.5468661349149254,0.2531447520693181,-0.06841411108132377,-0.09722280424239717,0.14151658137944403,0.6860068300896897,0.7163017474096387,0.5905244599338006,0.3400246359408552,-0.11730709724858514,-0.19612963960816854,-0.15736027654345477,0.052509995037871855,0.6654401779490482,0.6477832817986588,0.639688264206955,0.45795799076777477,-0.14425149252963207,-0.13015332858323173,-0.05096458759902617,0.06460602396176385,0.5854034169114035,0.6068071597659576,0.5913443743924571,0.5136382067727335,0.41683334651526,0.2936795240924844,0.2471014889790988,0.223745115957061,0.20725327161327894,0.23908179526200116,0.22783948222590003,0.4466421559469891,0.15721536533220312,0.21860812539254315,0.5035094571105267,0.24603557363218023,0.06792328925562184,0.2647356849480855,0.32515454368084196,0.29932341072519386
b'SEEG GLC3',-0.002451149006884211,0.11409439821070748,0.15315892380882395,0.2865429098817679,0.31456080398248065,0.23572562943865127,0.23349185048129945,0.45706456881621077,0.5099863781426067,0.569969734694874,0.5302404170649819,0.5258577432899408,0.4218671710592791,0.4250307819300841,0.30682216540418444,0.564317664172141,0.7364028289442217,0.0,0.6202986025477261,0.381560694252987,0.3868846471327463,0.40898088778495645,0.30504454734557895,0.47047129858088627,0.5455806753682264,0.6132255543324607,0.549403495579389,0.4077201206567348,0.3355712644347027,0.2749582101695615,0.23349701163663247,0.4856677516419863,0.5511353357297158,0.5923346908462036,0.5349990807333708,0.3742714611780394,0.10374199571077304,0.04704672837259467,0.17296282890599457,0.5075153411381744,0.5947073088022351,0.5418215920028554,0.3881250413290608,0.06771298040615172,-0.014933749456681866,-0.018157017627714454,0.007954169774660312,0.46677902814237876,0.4603320041358746,0.49056523953340864,0.3437119119151412,0.010664589992527725,0.032094420594366735,-0.05993712969860611,-0.08215737802584298,0.3544980657086536,0.3517838229497152,0.38030088367254083,0.30033070422084707,0.27728769326564073,0.1593036923335155,0.12631677007891964,0.21404754375638646,0.16381432999317663,0.2157834443404891,0.15899112339401605,0.23256305599076954,0.022256831483902013,0.015386237360116135,0.28586328927222693,0.05838575994733393,0.11629023301993108,0.1458991138305472,0.10804327030044313,-0.059720550134324146
b'SEEG GLC4',0.0034509757942556623,0.34023682812042044,0.3933213586978908,0.38221536367579945,0.4813326164253204,0.4442656917668683,0.3203065145478503,0.3595001103709961,0.251677161167083,0.5573352098145937,0.8086473971930817,0.7280568709047934,0.6373556586588496,0.6167081868902453,0.36621555612934936,0.3677864418501165,0.5112472914388196,0.6202986025477261,0.0,0.7128431491385104,0.6866554909941893,0.5826145515267259,0.31685627210607703,0.2465320778491628,0.5069119551286919,0.7552525668950046,0.7711124779016115,0.6872617365083475,0.6482264591950374,0.49597609031395296,0.3121195780237692,0.4152502581959562,0.5242810918429406,0.7098490910525037,0.7553207864885153,0.6041137930895826,0.34196277022517724,0.2342947070012399,0.35073889863518637,0.5144084785435249,0.5863099102152745,0.6459082410197773,0.6522280573791311,0.31148693048907067,0.20485457509018748,0.1760167950617023,0.173955908888523,0.5039411705752312,0.46542934358634125,0.5196064584131813,0.49693002580164725,0.27879380267147164,0.27745582034171407,0.11611129997830338,-0.052516919047190906,0.4251433145714066,0.3689179748630998,0.372332526553839,0.35190831896416663,0.4665126381649664,0.13887645481570646,-0.03498579364046712,0.14535733717215543,0.17730706885357375,0.02427164552398188,0.20327682883797402,0.30260000829728334,0.0849583133783478,-0.09648894963017875,0.23679831954768465,0.2817633181666261,-0.021893984253230542,0.12428512426312249,0.17026174603179778,-0.09711468566089039
b'SEEG GLC5',-0.004698671209889486,0.07183817492661156,0.401003190834967,0.3763701574180468,0.4605129761399303,0.39989986245406567,0.1657262503471121,0.2494178164155564,0.15509790411320812,0.12083874131580176,0.4611041246607146,0.7371470826148341,0.7423265766166217,0.6383436390068432,0.3069006802488746,0.3262711415333875,0.37534195618537364,0.381560694252987,0.7128431491385104,0.0,0.8756866167056558,0.6346291800596252,0.26739755927946074,0.16279215527671975,0.23057961226800489,0.47912414649970453,0.6276029466281311,0.85037630969009,0.7252641625529387,0.4690467299735651,0.24179925861706905,0.2754394710757963,0.3286535630608347,0.49962163765699635,0.6372570673567778,0.5383990266872138,0.22424224371717236,0.1131974948659456,0.18154291030400158,0.30988853752310136,0.3524454035546915,0.42998169002963277,0.47601763509505673,0.233174716510251,0.10319971155190492,0.06087278846733456,0.039428093342917865,0.27225588645446724,0.26826468373707985,0.2983971274314285,0.322017341617235,0.2501777313903287,0.20927121726339287,-0.012443387496484378,-0.1742231289725574,0.21560861989913144,0.2146208547365157,0.1921368351069271,0.23783699179997153,0.3390899083327907,0.13839216010134722,-0.08023760492162947,0.11002687318566227,0.07765957193220319,-0.0695127095216167,-0.028447900122969733,0.08933890723600066,0.0313199683741001,-0.07122894724436837,0.04979260740572983,0.11816252949408365,-0.16352608457306872,0.21068331437943255,0.21479373327314766,-0.1661287192434275
b'SEEG GLC6',-0.004084743230798878,0.0222059839083912,0.41070113357498167,0.45393183269390447,0.5617487637943278,0.4737024299689122,0.23770042214581158,0.25735364486143397,0.23460420503797208,0.11648644915956037,0.43676704067182875,0.7798030152081126,0.8480751468176759,0.8389384578232608,0.5336455345685188,0.36210706111295765,0.3866858955548326,0.3868846471327463,0.6866554909941893,0.8756866167056558,0.0,0.8900545851539755,0.5562582478726158,0.061963662452052676,0.2444406495890751,0.519579955865586,0.6513149478751307,0.8145538139949491,0.8834522438243818,0.6736513386013088,0.47153665604073614,0.1794275093096265,0.26786802541399996,0.4729518052735557,0.6292003215222735,0.5523520565188085,0.2258404335144784,0.08096533805772003,0.23662384371200904,0.25902479204542117,0.3256457290504425,0.4022907641571642,0.4901473183808483,0.2501013660800657,0.11411273267147137,0.01726319564350697,0.019788100426080975,0.27024897611772963,0.2559171654610428,0.3096486509910536,0.33405456073891443,0.2934642518219177,0.20545886664259644,-0.033594833140651245,-0.14499346250217235,0.22453486686257457,0.21795616836547055,0.17576089662655967,0.12356965575696259,0.21219461560892383,0.07659413844247721,-0.07763421391659531,0.07044281585459551,-0.02175371845111846,-0.1159346349832054,0.0718166421294631,0.1921579100931633,-0.006581951958518892,0.001800787175334861,0.14029125502522344,0.2311872509867324,-0.14805824100987539,0.2347717156954396,0.16742108168018327,-0.07473873495820392
b'SEEG GLC7',-0.0011630370319545206,0.03241226011056802,0.2818057470740563,0.4156125959295092,0.5541128896050215,0.4680298287459385,0.3060756182426686,0.21364140802544035,0.22819083941025536,0.20511124095292785,0.4078057099776738,0.6941006502216723,0.7902997579707871,0.8955463807183145,0.7383059308025564,0.2689315634559653,0.34007234355611227,0.40898088778495645,0.5826145515267259,0.6346291800596252,0.8900545851539755,0.0,0.796326088193025,-0.052842100407555465,0.20882753286187675,0.4548528307320137,0.551285043447702,0.6284167460279491,0.8514544176534283,0.8214781838801948,0.6820638528381162,0.04918933200324089,0.1355214509433907,0.3346749004414279,0.507320751383882,0.5401413667611868,0.3143726691869015,0.17851619896122578,0.3905429529587947,0.13618625597859874,0.2087892121359854,0.2734264335127272,0.46770554095252403,0.3414638983611598,0.23934382386960792,0.11804329593777782,0.13128301491210354,0.15133287794950234,0.10589735497741222,0.1882283972036786,0.2524661236986637,0.3842076233757294,0.29515660556146317,0.06426386509003382,-0.05117759781850066,0.10072623641443612,0.07000112332507946,0.03482101315853228,-0.06013836528282539,0.04638258697522674,0.007832997033765882,-0.17646690094337358,-0.047244979544878114,0.019910020828603294,-0.08432439075919164,0.12908933427423092,0.2726023715259353,-0.006499074367024108,0.029119493771679206,0.2028514891553873,0.2777510035012235,-0.08689299945081436,0.26209665895286505,0.12493675402253981,-0.01327614726629048
b'SEEG GLC8',0.002692812802836638,0.06355911280589484,0.12104817983045645,0.17457321817723573,0.22578122446156013,0.12965262642725212,0.20780036682237213,0.16513237698860214,0.22610272429620082,0.28209907115833527,0.27686137612583833,0.3569227563076789,0.41535658234372064,0.5888266618819485,0.8098332200800644,0.21364526890153007,0.3168552402967691,0.30504454734557895,0.31685627210607703,0.26739755927946074,0.5562582478726158,0.796326088193025,0.0,0.011653166941147151,0.18641078794249455,0.2682450523990333,0.30008689748844214,0.3229156928902475,0.5844666996977864,0.648939092782594,0.6830467599054039,0.07196982471899491,0.08386853497013533,0.16254166053859379,0.25949170631440455,0.2815227974543853,0.15243698028534572,0.056490980175484595,0.3229779794625924,0.09223675965051237,0.12246518460731723,0.1018662936910865,0.2551752581517421,0.18084378926118638,0.12925353495516384,0.01621798940987305,0.11632469132505938,0.07311641255506375,0.034836675346310075,0.07070249205888683,0.12460262134251482,0.2396363176641647,0.14650082639746728,0.08709203516705792,0.09392599754843337,0.04559591432909929,0.02732652587246426,-0.017015121955410755,-0.07882628181779858,-0.04509137345206027,0.07039827278470824,-0.10280646174855153,-0.13098671063037567,0.0024614289672375694,-0.06400374612735578,0.1440805186289597,0.33464368184406246,0.06469209888424009,0.14122054334346593,0.2956536096989019,0.2945099727830898,-0.004991095319204246,0.3053108609162628,0.1631462532854155,0.17483204556033946
b'SEEG GLD1',-0.005288544327194418,0.01939918752023163,0.13262516598591048,0.10807713663796675,-0.04294793963661481,-0.06853957787526573,0.19886768787213113,0.5020284300725251,0.44834605971758035,0.3328866820993593,0.2242274750031581,0.15678113507452587,0.05326982887670071,-0.020810953436941573,0.07293623493642241,0.6062197868236496,0.6276645006549543,0.47047129858088627,0.2465320778491628,0.16279215527671975,0.061963662452052676,-0.052842100407555465,0.011653166941147151,0.0,0.6654601714309352,0.39820283702736614,0.2622513630905241,0.15622244904566954,-0.06675941513483245,-0.2512652387296676,-0.16818628484748374,0.8626543838240885,0.7912535926713808,0.5696054591936399,0.3071115832480894,-0.07912918458459159,-0.36635073595265855,-0.35382944322388404,-0.18332620089210452,0.7465533933751599,0.7150418068090213,0.5481155117049451,0.10568741188654981,-0.37110926242690606,-0.47775120894364315,-0.40786975838307576,-0.199437468873119,0.6990803713050062,0.6977354091040197,0.5729968942467861,0.37825394855945504,-0.3601589160889059,-0.36556954101473804,-0.18795004931289883,-0.02872547940371938,0.6580800534296972,0.6828197474012173,0.6620282241107166,0.6634762546511963,0.5035864568402196,0.43322732051012247,0.4731294735455504,0.3562930240022033,0.21723722630429412,0.18229948888989345,0.08407946669424746,0.2200063795693093,0.17350692393622064,0.19232801220966325,0.30667980298481895,0.133916559141647,0.02232765859560726,0.011459558941928185,0.3215588768792236,0.1602587790168485
b'SEEG GLD2',0.0007909123167716835,0.06908956668137597,0.17600386651213668,0.042764056945992834,0.01957287249001603,0.05178968857089677,0.2380805173136151,0.6138333417673112,0.4190940208443461,0.3985081624437351,0.3793627111283258,0.2592518623360511,0.12751613592264538,0.1609785893863708,0.23407027235524336,0.603438868072013,0.6723412419426058,0.5455806753682264,0.5069119551286919,0.23057961226800489,0.2444406495890751,0.20882753286187675,0.18641078794249455,0.6654601714309352,0.0,0.7548216583576834,0.5868652711536501,0.35198768151075355,0.25476019093858887,0.1322966766252729,0.11986940647912181,0.7242223816350404,0.7742732362669462,0.6902179358254668,0.5551985372484505,0.26004839139280306,-0.02975126386134122,-0.06450621554408334,0.09819610574950427,0.6988217235462317,0.7372969516820083,0.6503793120842853,0.39153187737248474,-0.055965077213578636,-0.14421096918337498,-0.1148060409764767,0.04551655965244123,0.7321944998572407,0.7254932971470669,0.6867773935844128,0.5418663395778589,-0.056434438265411405,-0.07719649834483218,-0.06429607847855458,0.039705965303266415,0.6852569873511573,0.6745683057976495,0.6596321442531933,0.5569200358578071,0.4779868552333158,0.20661279464686788,0.19712475943710925,0.21341848340697245,0.19576975829661988,0.26668361797730716,0.2524032720747355,0.4308326178910814,0.2319286231168532,0.2868587996653803,0.40890576751812663,0.19719893507241945,0.026717342166910796,0.11967154508927341,0.33531841042294763,0.27344772358775205
b'SEEG GLD3',0.0021770124265944805,0.1533085066366361,0.32967193808214346,0.23167863957965731,0.31425672715533987,0.3724225583584992,0.4081960200294779,0.5745909940359336,0.3825696839472336,0.3887220083079428,0.5016169365253986,0.5447401538362404,0.4358409965619944,0.47012380063417625,0.2938349921196033,0.5776443290451134,0.6423958617490421,0.6132255543324607,0.7552525668950046,0.47912414649970453,0.519579955865586,0.4548528307320137,0.2682450523990333,0.39820283702736614,0.7548216583576834,0.0,0.8750371854408755,0.602639838119259,0.5483980716885107,0.3956611129463144,0.27485977165190206,0.5576366705487508,0.6937799099088682,0.8777280880813187,0.824678462583216,0.4968864483629242,0.1912586564695319,0.09456209268654409,0.23665958819653762,0.6702780893451712,0.7325852172382241,0.7890558396140237,0.660761954898433,0.18539242632027372,0.05425967558603571,0.043374663330267176,0.17409287491324174,0.7183207506256317,0.689827603246136,0.7579143874596896,0.6750611702742324,0.17760649748069654,0.15458723324945553,0.08302535786432777,0.08950254601664338,0.6562936866605865,0.6470401050622985,0.6437845268656582,0.5320835951370223,0.5356268440101734,0.23879525630141665,0.10091005081401361,0.20663781706075748,0.07789226459783766,0.1371069753375494,0.3849931750389681,0.4410630184726728,0.11781063177164271,0.25436527680774385,0.4326245457988249,0.36664788643944535,0.031254748845630835,0.1921633372314135,0.2746254983069685,0.1743460184980379
