,Unnamed: 0,b'SEEG GLA3',b'SEEG GLA4',b'SEEG GLA5',b'SEEG GLA6',b'SEEG GLA7',b'SEEG GLA8',b'SEEG GLB1',b'SEEG GLB2',b'SEEG GLB3',b'SEEG GLB4',b'SEEG GLB5',b'SEEG GLB6',b'SEEG GLB7',b'SEEG GLB8',b'SEEG GLC1',b'SEEG GLC2',b'SEEG GLC3',b'SEEG GLC4',b'SEEG GLC5',b'SEEG GLC6',b'SEEG GLC7',b'SEEG GLC8',b'SEEG GLD1',b'SEEG GLD2',b'SEEG GLD3',b'SEEG GLD4',b'SEEG GLD5',b'SEEG GLD6',b'SEEG GLD7',b'SEEG GLD8',b'SEEG GLE1',b'SEEG GLE2',b'SEEG GLE3',b'SEEG GLE4',b'SEEG GLE5',b'SEEG GLE6',b'SEEG GLE7',b'SEEG GLE8',b'SEEG GLF1',b'SEEG GLF2',b'SEEG GLF3',b'SEEG GLF4',b'SEEG GLF5',b'SEEG GLF6',b'SEEG GLF7',b'SEEG GLF8',b'SEEG GLG1',b'SEEG GLG2',b'SEEG GLG3',b'SEEG GLG4',b'SEEG GLG5',b'SEEG GLG6',b'SEEG GLG7',b'SEEG GLG8',b'SEEG GLH1',b'SEEG GLH2',b'SEEG GLH3',b'SEEG GLH4',b'SEEG GLH5',b'SEEG GLH6',b'SEEG GLH7',b'SEEG GLH8',b'SEEG ILa1',b'SEEG ILa2',b'SEEG ILa3',b'SEEG ILa4',b'SEEG ILb1',b'SEEG ILb2',b'SEEG ILb3',b'SEEG ILb4',b'SEEG ILc1',b'SEEG ILc2',b'SEEG ILc3',b'SEEG ILc4'
Unnamed: 0,0.0,-0.0021952536049822243,0.003849640925022306,0.00231874894501986,0.004735058531823383,0.001557398081542176,0.0017170721194977498,0.0005136720204049029,0.0023045645981932543,-0.0003249339044955703,-0.0015438429783319453,-0.001579051964157322,-0.0002495278822947207,0.0013905724842477563,0.004459324785202189,-0.0023908692797159218,0.0019294401417472974,0.0010964037392397186,-0.0009023516680395118,-0.0012019514134867521,-0.0030826164817274694,-0.0017885337197764385,0.0007510341215547509,0.0020208960483115244,0.0013863073626893651,0.0008274125948526557,0.000422552497027584,-0.0005132826704597592,-0.0016252770017453563,-3.838476186128527e-05,7.195098241553258e-05,0.0026060930150211214,0.0017625351559186716,-0.00041998507252184974,-0.0018714932000738662,-0.0014823131797479145,0.001584743996127038,0.002244869859090801,7.145471377699928e-05,0.002056912919418214,-0.00022870843958496543,-0.0021048830294633117,-0.006004990709022912,-0.003905108129016004,0.0003766276748819938,-0.0005501343767058307,-0.001079375224758406,0.001169542323071508,-0.00026206066012254457,-0.003971053087412476,-0.007293537226819234,-0.0015807808917262297,0.001934482958484115,-0.007446028233693962,-0.0005919061542749865,0.0018308167790240892,-0.0007811494472506536,-0.0013400626296818168,-0.0006079213817953581,0.004213645622649205,0.00032702811193893386,0.001664622703943194,0.0026178291507280935,0.007755418938164206,0.002121693472250657,0.0010263810929029044,0.00018067611294495756,0.0015319918180989969,0.0012487468936227468,0.003169621824567861,0.0001741410394111488,-0.00103766696509309,-0.0032420304183071675,0.0010070082012030598,0.0005678988712491316
b'SEEG GLA3',-0.0021952536049822243,0.0,0.364234823895357,0.2356547747107686,0.26159848676245456,-0.02082756260311742,-0.005239622341064762,0.2272280964487758,0.15974299587827828,0.6795781275971452,0.5431343834166945,0.3918382438366529,0.2754364546090955,0.22461819663061372,0.19991625998581006,0.1712233940760107,0.13397806013310404,0.2639179844397647,0.3816362317573542,0.3129683317361109,0.2766206873248528,0.19017498549317444,0.26335339626395876,0.11670047084415523,0.11926901790705431,0.24134404336573326,0.380387723587592,0.3433274201263828,0.155643192436496,0.03713410483507482,0.11430334445918681,0.13241294200442338,0.1849076244544258,0.29415920211149227,0.41715775779746245,0.3005907677808038,-0.11894298380352462,-0.1453170910693988,-0.06062384585747556,0.2132600883162665,0.27430964148018405,0.33625586849084294,0.29678776042107774,0.15666566788974484,-0.16401932831305366,-0.17054868373014806,-0.047243379593393434,0.2771515457319623,0.3379046117561057,0.3745554174011667,0.22334925203019307,0.19963331681799817,-0.029587773001684997,0.058546082492354025,-0.010124071967786164,0.2510452518522386,0.34280945400035145,0.3115107191582877,0.06573205434877358,-0.03287867167099498,-0.0768680275797527,-0.0510800460081706,-0.014306985183108606,0.058660315377768356,0.1487829454932011,0.4209839948780789,0.39226956890922204,0.16975594580233172,0.11967806010717459,0.2260762736332501,0.5332865349850693,0.05086735110677655,-0.046542028307115,-0.02597417743664321,0.3223052245017752
b'SEEG GLA4',0.003849640925022306,0.364234823895357,0.0,0.5753436433600195,0.407270535059756,0.03499824096759834,-0.13299060933343992,0.15945366679072473,0.14569033340673807,0.33383417484708466,0.4296173337921438,0.3863445596411073,0.36551896391230027,0.3159409091442337,0.09188378585816205,0.1289269232224701,0.08127241600286376,0.23365861054961123,0.29749910404748225,0.2201048803490995,0.2744883399965825,0.24886478392887842,0.20109842954141474,0.0810500859835898,0.19505715838053375,0.20043032815952877,0.22649145835830395,0.12015778871456304,0.18570852484201592,0.11511378584594317,0.14355733963204237,0.1034753050889966,0.19157461235143292,0.2505359467449217,0.26218991799029434,0.21559688963501425,0.05058526002577854,-0.003793834332280149,0.03964764946033407,0.12330899446220721,0.2195373491786884,0.28466902204415195,0.1917676539514047,0.15358846470859921,-0.08704743725099999,-0.008650745543778066,-0.016399234634904978,0.13264195838459017,0.20433539062173117,0.20779170463939314,0.10996861466941608,0.2310837108340555,-0.020817942217975068,-0.04434873739400476,-0.024438280918344952,0.09409755778043447,0.1430039242983106,0.19524365066187127,0.10369520604266932,-0.051132268220621974,-0.08856815401344788,0.005652801300868926,-0.04263858358932654,0.0725801320516262,0.1674431944843464,0.2570313260866343,0.18866775409155218,0.21008015313873787,0.0863974831785412,0.20642702504181357,0.35906852456244825,0.15494616159742775,0.14835721258873807,-0.06409605682948237,0.19147414945439187
b'SEEG GLA5',0.00231874894501986,0.2356547747107686,0.5753436433600195,0.0,0.7266064944468942,0.24041612140928367,-0.016974866299462266,0.17841698220627847,0.05798463469101827,0.2676573349613717,0.3637429221370364,0.5425191367602898,0.4274915448421416,0.2943924507721392,0.14070691695942872,0.1267076567201684,0.17397594781507117,0.23723883471766596,0.38353582641279044,0.2002058353456538,0.20364303729170666,0.12611393671959475,0.059869082325518116,0.18732675793194808,0.29988505112208164,0.2892089702563037,0.2483480360054589,0.10283342134213323,0.05852439195854241,-0.02030634475726205,0.0028361990899375892,0.20400648781443861,0.2692605568344505,0.26265013137219234,0.21704706585438913,0.07380153462337795,-0.030394271313943743,-0.09086786901837374,-0.08102710982649307,0.1635773903999753,0.22395750553783203,0.23549143472074643,0.04923136090975798,-0.025022813126186646,-0.07392204670673132,-0.10470773244592439,-0.13996622742804235,0.17081652050845691,0.18902394170648737,0.16733690612707405,0.0463292526018033,0.1391744742332431,0.04996427282995563,-0.06823857533306246,-0.12242466797277149,0.09534492528305272,0.1178793392426186,0.18598151475628955,0.10172490374211055,0.049111383121921794,0.05302284648883113,0.11789226571390005,0.04527742721542721,0.04647583087326179,0.19753273237477606,0.21556414328410178,0.18081772764337403,0.14449992753450866,0.09446396161351284,0.1697449510515456,0.2722318214059166,0.0646795731509016,0.08169986173572052,-0.0023892970388619665,0.11439652538952999
b'SEEG GLA6',0.004735058531823383,0.26159848676245456,0.407270535059756,0.7266064944468942,0.0,0.5615035038599911,0.21592064025720836,0.13854424732110257,0.031514062978692685,0.21064878646066326,0.2521175867531522,0.6309038393407802,0.7163345629432728,0.6172357844164329,0.4027015194601824,0.07365460798270342,0.1118117360190637,0.21046439773679496,0.34519966998783136,0.332664099521241,0.38893325354342523,0.33578982769608745,0.3077459788243253,0.23371825331857482,0.24761144695083606,0.3048962027716222,0.2831947501078489,0.22922467090032775,0.21165405845132507,0.1524216204274257,0.1690832134088723,0.25054080183326494,0.3039991369807317,0.30273029953715264,0.2018243257649938,0.08723996055761954,-0.0035857229267822715,0.006163961222143953,0.04576504026697141,0.25260938195221594,0.2771548020682276,0.24432895765209522,-0.003515211794169806,-0.08665348058032761,-0.15195983392236845,-0.10159020832978129,-0.09644652343885635,0.29714759851248385,0.2846708946043397,0.15966563186820537,-0.0528098922039954,0.031416921850473144,-0.0272627936460984,-0.149299134683218,-0.09403498900729527,0.24652269876170405,0.20261707871482496,0.18160166913525405,0.003574764613717552,0.05020821859262627,0.005043238909410216,-0.029472206303891503,-0.01974893062189682,0.05527361967449404,0.2484365780371569,0.30227329779122214,0.3275424682569356,0.046505229670511856,0.2336974618019918,0.42255159215493426,0.40451549949246374,0.05646210830809155,0.047041589622605635,0.04475861476582874,0.3073211645883351
b'SEEG GLA7',0.001557398081542176,-0.02082756260311742,0.03499824096759834,0.24041612140928367,0.5615035038599911,0.0,0.5113083188070319,0.05275430195965627,0.03085354688134606,-0.16071901043832248,-0.1494277549389509,0.040714698101756784,0.3153688298542657,0.4642772393907688,0.41861367306066777,0.021004620040749784,-0.1591942140187693,-0.2189373555870467,-0.16434733996439535,-0.040571887668573225,0.12373730010560861,0.22926664238386993,0.20441424959013188,-0.006335204884982796,-0.14135337864682737,-0.1425599901436069,-0.15017095496959226,-0.060539574157880485,0.11292209877247095,0.1810740957248791,0.17057527618674181,0.024918242287113535,-0.021438959543088176,-0.17807069306609183,-0.21576992248999857,-0.11732603354409049,0.11325210655085541,0.11438392112658634,0.18468657112891868,0.00477566646084853,-0.11625851977046212,-0.17645555898342385,-0.19022504444457622,-0.11039731322920295,0.12354698210598569,0.08323852028862849,0.13275811731316003,0.023312819126762016,-0.12932384104966754,-0.16971744242716996,-0.15763810425312538,-0.07740655721006186,0.11333694668131232,0.024555383039702155,0.08550742412643926,0.02435775645512178,-0.12166323725616236,-0.06576582683461908,-0.04896621694458104,0.13669670323735916,0.21018467652008405,0.10662888065915113,0.0822273026084548,0.011229364199500144,0.25665285923051817,0.19563090829108326,0.14894705363303073,-0.1201515093301587,0.14428225291420038,0.3582699481884187,0.17567675247349698,-0.023928322130295228,0.035671009758479616,0.1327248206082227,0.3068487161438275
b'SEEG GLA8',0.0017170721194977498,-0.005239622341064762,-0.13299060933343992,-0.016974866299462266,0.21592064025720836,0.5113083188070319,0.0,0.1948963485274884,0.06997015775244858,-0.1313057478530903,-0.13347642008570237,-0.03944745693215934,0.18579015452472905,0.3785876239337344,0.4202704247248934,0.0777456636108677,-0.10931259292142298,-0.15054340469938352,-0.17336107272230888,-0.004615364892524139,0.21325848997063465,0.3358594216986338,0.2772654108874765,0.006323240040439659,-0.13685056744831048,-0.08553849024515095,-0.06136406254146023,0.06872894945924655,0.2783725801816208,0.30019314830170374,0.27993249718454144,0.07610616248426545,0.021530116622653556,-0.07907843657995918,-0.04615210526361511,0.10096206678575419,0.2704653707638966,0.20574506486427957,0.30763120460118604,0.04929930930674109,-0.03634784520133632,-0.05067729056679689,0.04974037072280947,0.03924501197804369,0.2910108894310175,0.30373505443865906,0.31379586662932163,0.039638494459020665,-0.0837149883879593,0.02910520939162746,0.09153847317988494,0.023009721923671927,0.12250888694698155,0.21943298851429144,0.24400041785322513,0.07503537140179418,-0.06064255541212601,0.002243809824661222,-0.031564720474770505,-0.07216055415003925,0.10904795981725281,0.19150273826545475,0.19337753461847346,0.10028546185929546,0.1645782054083633,0.12562508507653683,0.11548664672493726,-0.013859115777700744,0.16013596356054846,0.3678349028877607,0.15032232889219102,0.014980405707235666,0.06437226504865931,0.1109803385728077,0.34437387371209344
b'SEEG GLB1',0.0005136720204049029,0.2272280964487758,0.15945366679072473,0.17841698220627847,0.13854424732110257,0.05275430195965627,0.1948963485274884,0.0,0.6852898625495356,0.3985055887111018,0.22652657619177233,0.20178419535754424,0.1703432591260213,0.14472881004780003,0.08724890449301956,0.684920370805522,0.5031158955125263,0.35795922572540434,0.22266141321751096,0.17136677255605545,0.16029678935704697,0.14800307030839682,0.16595109994330293,0.29876586407243055,0.3265009885786711,0.28627128961151976,0.22668766690955572,0.2155681779218351,0.16474261506456245,0.09826006434089705,0.1800931626744895,0.30038521667017715,0.2846823952641863,0.24804819176292806,0.24063511728409906,0.2011435734115966,0.14056166578178814,-0.0170638680677373,0.09661273976733564,0.35316382295276155,0.2773953353091187,0.28218981470835075,0.1698929100045673,0.060321232237518896,0.07519544736325494,0.009565871508196065,0.09815347954799794,0.34616469168302927,0.2777305039605805,0.3257386744788291,0.14884126656790023,0.10122027552441619,-0.05655723383359557,0.1250409890733651,0.1764025741673626,0.32607586749256573,0.25880358833388734,0.34193349726710376,0.1562698710827132,-0.13027538423610066,-0.08183277580030651,0.1694980474240694,0.09821720495123679,0.10360482089202802,0.1835184367626982,0.25898405586347567,0.35140062003122957,0.1075078509844865,0.21035721421060255,0.30347255333043643,0.2573749496867284,0.1356950950012845,-0.016167259832649234,-0.015226466388987987,0.2959730406860262
b'SEEG GLB2',0.0023045645981932543,0.15974299587827828,0.14569033340673807,0.05798463469101827,0.031514062978692685,0.03085354688134606,0.06997015775244858,0.6852898625495356,0.0,0.389184506473249,0.16946204163903583,0.13326487909177498,0.15059280083978058,0.13828410976924907,0.004649580576326939,0.40106578022790373,0.3440854747961353,0.2733112046708851,0.17103374758578374,0.17216803471719336,0.1690519922965115,0.14751615278122285,0.10628116934844198,0.1700578265602392,0.13448814341453638,0.12298642618097246,0.10145267545713442,0.13775832487958914,0.11112925080463722,0.03778496902713817,0.0805719205618233,0.09927768645750136,0.11236897978003163,0.08663218987597018,0.12970188548372066,0.16760800859586122,0.03764776695628538,-0.08366163145618691,0.0336883211142481,0.12378273322865352,0.08010866942741363,0.12318061947228463,0.12420545235723736,0.11153738398263965,0.014311554564727453,-0.03482353915434571,0.07357045191486891,0.08375441911773086,0.07142515824557746,0.1669377952458218,0.13194446567443602,0.08141093066190068,0.012728796684985149,0.10737368057582208,0.10879505232503786,0.037412484288320114,0.003543625488381972,0.2579618783277254,0.2120622323648638,0.007147295343311341,0.05371381287472326,0.14510069110091497,0.00992755637053078,0.09309729438513646,0.11164581305907055,0.10492786305886992,0.21777850202946752,0.1913096198028796,0.10079739932294948,0.1433111658378987,0.15730779396139163,0.10836483741298747,0.0007841425364574751,0.010497718561724143,0.16644811341591395
b'SEEG GLB3',-0.0003249339044955703,0.6795781275971452,0.33383417484708466,0.2676573349613717,0.21064878646066326,-0.16071901043832248,-0.1313057478530903,0.3985055887111018,0.389184506473249,0.0,0.8309391808959913,0.5462984471683702,0.3458423100089892,0.2341936658359266,0.06178470327021592,0.3667660983245082,0.30293642312366476,0.5951187831525968,0.7062114196180466,0.4190810804855324,0.3292702404060556,0.2191418733848176,0.19886327358295605,0.2681225361333155,0.2947769301412614,0.5361043398759182,0.5466195439801151,0.4314381163183144,0.23649660421361995,0.07160477309954076,0.12127736399357412,0.3106862131787747,0.4085856539328925,0.5475581719072701,0.5703874452100495,0.3830115115135793,0.05083717573044913,-0.09528255930416982,-0.030695104682705716,0.3674616924298727,0.4791898901304166,0.5429849151031908,0.41155707573709366,0.237440249360854,-0.03705946436054494,-0.10584587338992656,-0.01890675829789784,0.3910449563222205,0.4519754121833085,0.5248585780461075,0.3247902760818396,0.23141467608322996,-0.01589333296240606,0.04593038865156425,0.0308929132497758,0.31455813798808807,0.37467639697658317,0.45138538264525496,0.2151224723419892,0.005762720470097986,-0.028077260091873887,0.036510777144993706,-0.03499441822685646,-0.0017275998182752095,0.06740395617638972,0.2694783845761628,0.3775423776193099,0.18175493935784012,0.1415258143620375,0.2193896383462679,0.38551244731070444,0.025746867902922566,-0.028282966136459985,-0.020077708613561764,0.277370022376567
b'SEEG GLB4',-0.0015438429783319453,0.5431343834166945,0.4296173337921438,0.3637429221370364,0.2521175867531522,-0.1494277549389509,-0.13347642008570237,0.22652657619177233,0.16946204163903583,0.8309391808959913,0.0,0.6747430975447005,0.41013334068259943,0.3168591033365071,0.0929538483734041,0.26015105978096775,0.12509695433600204,0.4513903264164091,0.7232694587513558,0.42745178782632715,0.3912585121196728,0.30662959963779574,0.2320011930280502,0.2251399023973453,0.1856135074812209,0.46578279192143773,0.512226194238213,0.40100174741636646,0.308810832654729,0.13429585823136203,0.16000609093093537,0.24139036927232152,0.38090691480512817,0.5410902677086905,0.5937523713323533,0.44631648830750054,0.09993624748707775,-0.060149563916239365,0.012252702725931259,0.3144091392999595,0.48619875572244986,0.5726896865555111,0.46188114929670926,0.3293657092306678,-0.056528803090098105,-0.08565096852206294,0.004839258122428115,0.37016166070574597,0.44086697632192523,0.5144221851696144,0.3536516444704929,0.2456589988553593,-0.032934192834439144,-0.03251127341465405,0.00916853619970721,0.30275174097882346,0.37044952185558205,0.40798455139224843,0.19738570559338683,0.03035446894493647,-0.03755207771423768,-0.0012787934723825372,-0.02059417753929399,-0.042435317911101965,0.030330532879748615,0.1931695979670631,0.23478376336683948,0.12919371898557894,0.12610590548570805,0.1581968362455279,0.28007837665169094,0.0536444424785459,0.021338920419176,-4.404945256826468e-05,0.23328312753744002
b'SEEG GLB5',-0.001579051964157322,0.3918382438366529,0.3863445596411073,0.5425191367602898,0.6309038393407802,0.040714698101756784,-0.03944745693215934,0.20178419535754424,0.13326487909177498,0.5462984471683702,0.6747430975447005,0.0,0.7857262696978768,0.6016945695561505,0.31466237030953104,0.2355100423856431,0.16446993894742182,0.4076583801910948,0.7581957291358898,0.6427491147878698,0.6482027625507784,0.4772424475545055,0.3848486001786278,0.29460740974924415,0.2013496834008781,0.5420691354025345,0.5929407943045432,0.5582818630139523,0.4434904156098947,0.19263398072075932,0.20397873923955653,0.21603753532108297,0.34926876654980227,0.5833563905904979,0.6072279187211339,0.458351131542873,0.08862605306005412,-0.07233777774444639,0.0033961442596961025,0.2711427394586136,0.4362365704671467,0.5340489139865552,0.40343720385617104,0.26196240071704696,-0.155789480679389,-0.14756146678259385,-0.10375942922503106,0.3454875203399588,0.4069021443553473,0.4576435515229028,0.30887057006624025,0.2604499371580078,-0.03299145229591,-0.11650268968185981,-0.09669646176717751,0.3292437914663699,0.3606032873837643,0.40598434300826974,0.21705874415715076,0.05821673578421477,-0.025359035178117977,-0.04921816944603024,0.021833879067064514,0.00817470332334043,0.12697242254620364,0.23020911078932224,0.29068884791120086,0.14552255702412578,0.12191109703118144,0.32454802863249044,0.3747602814713689,0.06366697773132525,0.08883714042637722,0.005877389710238158,0.1695984648209582
b'SEEG GLB6',-0.0002495278822947207,0.2754364546090955,0.36551896391230027,0.4274915448421416,0.7163345629432728,0.3153688298542657,0.18579015452472905,0.1703432591260213,0.15059280083978058,0.3458423100089892,0.41013334068259943,0.7857262696978768,0.0,0.8799934849752031,0.5117868958718778,0.19369828964014965,0.12262105359310169,0.2863100020360416,0.45946500247132155,0.6472157978500883,0.8248749695803476,0.7184049039843049,0.5568836464076247,0.20091299740575236,0.13444759046291577,0.38303981857786196,0.4490051304257288,0.5395684005057064,0.6038085620935513,0.4173272977422018,0.4205589422109774,0.13423319933094155,0.22961794796818716,0.4031818518790877,0.4407036973309723,0.40538975169624336,0.17832848225127496,0.06248601337808059,0.2210573430197172,0.17603588961213096,0.2891308165218761,0.3676432423535948,0.30796409771591543,0.2040223436440014,-0.02694395649465932,0.007513503838396295,0.09219357342638308,0.27101500862695693,0.284696687791696,0.32475718521274555,0.22380801348739873,0.22157341534355018,0.004778055550404445,0.028001508448877565,0.09079235577281233,0.2958237254354046,0.2753718716677494,0.32557373536996825,0.11742814863987895,0.028845061421103962,0.04184751550514283,0.0389263446468046,0.08897141639717258,0.04240928017202272,0.1995905059550709,0.2908203105769948,0.3180618120372287,0.15821106603409113,0.31010121030975857,0.5334042254727307,0.40661918364449395,0.09330240331597868,0.06407764857418559,0.10902162130981392,0.32193101373315725
b'SEEG GLB7',0.0013905724842477563,0.22461819663061372,0.3159409091442337,0.2943924507721392,0.6172357844164329,0.4642772393907688,0.3785876239337344,0.14472881004780003,0.13828410976924907,0.2341936658359266,0.3168591033365071,0.6016945695561505,0.8799934849752031,0.0,0.7466019267937496,0.10994660100324809,0.03461417840981429,0.1295094536669258,0.26446247545543583,0.4219928536741935,0.7749362938107818,0.8551660535101282,0.7533952097111996,0.11443372032970195,0.030418695365276815,0.26243522978757056,0.30878706471659473,0.3736752784930697,0.6427838681105447,0.5726493652353779,0.5746748477277499,0.08989177422557888,0.14979476211978268,0.2549471446323022,0.2983035166376892,0.32583035104406544,0.2802144736632437,0.2174395933136715,0.40932727859469725,0.1081257695761988,0.18421920608093761,0.23094722052350639,0.24545365061708355,0.18834048520774688,0.05640767076017294,0.202344153903812,0.3043415026625965,0.19688284939701017,0.15759336732096182,0.20070883066552817,0.20062489516036877,0.1739422222820561,0.06071436157802754,0.11169669948658793,0.26241580713924306,0.22376640860182392,0.1719599843222791,0.2101169579891754,0.04284894596653709,0.0029336599336869003,0.05960352986176263,0.12737947073228095,0.18285151136996708,0.05288288984728152,0.24368456586447806,0.270667669067421,0.2655415109675123,0.09628956747561,0.2997041607423399,0.5481721016454145,0.343932103797185,0.015210860059340175,0.08247200768598227,0.02174871757364956,0.3141903633151503
b'SEEG GLB8',0.004459324785202189,0.19991625998581006,0.09188378585816205,0.14070691695942872,0.4027015194601824,0.41861367306066777,0.4202704247248934,0.08724890449301956,0.004649580576326939,0.06178470327021592,0.0929538483734041,0.31466237030953104,0.5117868958718778,0.7466019267937496,0.0,-0.02906276817837122,0.0187552810075103,0.005334958750228905,0.07384641753944389,0.19540129073312867,0.47992705327555196,0.6121191945864398,0.6998436005117817,-0.010902134710605013,-0.12327591853134222,0.1287856809052214,0.1721390731643584,0.17326161991010472,0.381272307687028,0.3990829938494666,0.37678079134820347,-0.0347604938732233,-0.028608548741504734,0.04394045130475727,0.10153890225741691,0.11845923810736769,0.09631700596971135,0.18023924158225219,0.24867234884941594,-0.029615906411618986,-0.005109640608425206,0.012726059301483295,0.11549011701524238,0.10502509441522753,-0.05522095182307885,0.14972237514645081,0.2083681338842547,0.03813916796432629,-0.018560928018427313,0.020420398051707218,0.13851113104337803,0.1728264766632685,0.10088349761542094,0.10015345900649723,0.15302559391014076,0.11016576433938978,0.06167278706572802,0.04643976912900815,-0.0069472670970586676,0.042195417195880394,0.0898518063192819,0.12086227121905813,0.13637865746427527,-0.0056970618727391524,0.18262280376462417,0.09136088572650462,0.10401270830446198,-0.030626904298297442,0.09037498622683243,0.38394498850888337,0.14846164716647792,-0.03054761432516461,0.10324542104416089,-0.037028814633177115,0.1795390367171782
b'SEEG GLC1',-0.0023908692797159218,0.1712233940760107,0.1289269232224701,0.1267076567201684,0.07365460798270342,0.021004620040749784,0.0777456636108677,0.684920370805522,0.40106578022790373,0.3667660983245082,0.26015105978096775,0.2355100423856431,0.19369828964014965,0.10994660100324809,-0.02906276817837122,0.0,0.514245354247633,0.42243215048855404,0.2598535612312422,0.24264799082097577,0.20408333651816343,0.08412904960962818,0.034393438311665366,0.4223926358893855,0.273041558099562,0.25596956422344397,0.2571630673044852,0.3029366097915138,0.1744204860957179,-0.023633300008335786,0.043003493433817735,0.2455577122636508,0.2545576931016772,0.2933443002215215,0.31612975600921484,0.33975814248858477,0.04101517129269409,-0.20248900137121892,-0.028822683020481483,0.27488511666765647,0.2584460971066237,0.2937938582602513,0.3096338397325168,0.2591095117595185,0.024930397598237734,-0.15098105436152864,0.02657594548024412,0.27180495287184564,0.19553501653854616,0.3067922695093077,0.2487403158275633,0.25185752906873793,-0.06976550043264437,0.1007860690881023,0.15103660628211185,0.28128896885966664,0.19188813656499407,0.3189489550389017,0.24316033141078863,0.05948636051485613,0.025364258131168025,0.1393043965686456,0.0995528789212684,0.11556765081754033,0.17145738184912312,0.16351352185383167,0.17033042504660642,0.08497171075700372,0.07591723469479512,0.25285438641855773,0.2029609756586815,0.0979851304630725,0.05900480711270415,0.05703707579757134,0.18422784663886926
b'SEEG GLC2',0.0019294401417472974,0.13397806013310404,0.08127241600286376,0.17397594781507117,0.1118117360190637,-0.1591942140187693,-0.10931259292142298,0.5031158955125263,0.3440854747961353,0.30293642312366476,0.12509695433600204,0.16446993894742182,0.12262105359310169,0.03461417840981429,0.0187552810075103,0.514245354247633,0.0,0.5902568751997272,0.3184784078905558,0.16787117941834534,0.07343264591855775,0.0009220709691992401,0.01015602949647805,0.44638047988539686,0.5920573012617155,0.4443863509536062,0.3131768026515841,0.1438624524531642,-0.016682643555102628,-0.08029642083484727,-0.025588611134698867,0.4719438957005996,0.419573596286752,0.37112149578933756,0.22002737368090744,-0.015867043414426085,-0.15637774677590346,-0.15659038538086675,-0.1173853549634877,0.47002674420790275,0.4333408385116779,0.30203335211501964,-0.015573646794583748,-0.2480782783097919,-0.15876945209756896,-0.11951257693710657,-0.08253134322641316,0.35403783775886566,0.3728623714780648,0.20340256011412344,-0.07558501703029268,-0.040693505308186176,-0.11509696790210171,0.006130468812504434,0.0817036966452147,0.26600733699022616,0.2602253398562872,0.20911755139790253,-0.035392444762110245,-0.19717613564371128,-0.14069816261638496,0.1302838414302012,0.07036853700841289,-0.004865798912031869,0.16275623830197936,0.04559913091341096,0.1256587082428745,0.01320567452930694,0.04569015713998072,0.08983135097185554,0.15404859185767444,-0.002457095037622989,-0.03721319832701564,-0.2013085350144201,0.004883503898810984
b'SEEG GLC3',0.0010964037392397186,0.2639179844397647,0.23365861054961123,0.23723883471766596,0.21046439773679496,-0.2189373555870467,-0.15054340469938352,0.35795922572540434,0.2733112046708851,0.5951187831525968,0.4513903264164091,0.4076583801910948,0.2863100020360416,0.1295094536669258,0.005334958750228905,0.42243215048855404,0.5902568751997272,0.0,0.7181427717214139,0.3549655596354369,0.2877670072108758,0.14999790577871294,0.1302380777123871,0.3061188872722988,0.4978852907197663,0.8033977765703169,0.6926689646719073,0.4764527501030259,0.2486932844652346,0.018220903893499344,0.052306203077925564,0.3778717391993396,0.5074785379610323,0.6975120065362066,0.600805348933517,0.36467158107543696,-0.026715401629769233,-0.1536558013596577,-0.0938580665599432,0.4099991299445827,0.5409759226336889,0.5659807081487529,0.28849346797756836,0.07323191758910806,-0.18384291713364265,-0.18350940435507507,-0.10799679330964222,0.39135821089718453,0.48838749150806837,0.41745299664884383,0.15635840776454746,0.14803582231759924,-0.12379088085543027,-0.0944107363460204,0.00976981906463865,0.35477952387331185,0.3908348119643502,0.3560495776649039,0.12108201272560094,-0.034666790080766195,-0.08644327961258459,0.04544941833109553,0.02453695158219584,-0.05477504275544535,0.1166222663314464,0.14056827046384313,0.21803606361874273,0.04414099368073666,0.1339621169990885,0.14707515151458922,0.1744848885645293,0.12136966246723525,-0.08181119177853606,-0.0903823563465959,0.1651500119726982
b'SEEG GLC4',-0.0009023516680395118,0.3816362317573542,0.29749910404748225,0.38353582641279044,0.34519966998783136,-0.16434733996439535,-0.17336107272230888,0.22266141321751096,0.17103374758578374,0.7062114196180466,0.7232694587513558,0.7581957291358898,0.45946500247132155,0.26446247545543583,0.07384641753944389,0.2598535612312422,0.3184784078905558,0.7181427717214139,0.0,0.6159698239602659,0.477901542863566,0.26366285354550045,0.2040128191102166,0.3348166411055664,0.3459347918631104,0.7770105721291901,0.790855630432415,0.6357288513163695,0.3628465967177561,0.06553174268460285,0.07446328439714789,0.3493901203809508,0.4883612230247906,0.7335325083926096,0.7314728962616073,0.4731287361312818,0.0546926978671038,-0.1261119763390725,-0.10435947746442752,0.3886327839128206,0.5648170582115475,0.6551330122217133,0.4326954406904049,0.23006649098698975,-0.19872008700007243,-0.20032597897137994,-0.1552238881308258,0.4160054943314814,0.5027825865070473,0.5292857265653146,0.2911409231072086,0.2193328594436097,-0.123127126812819,-0.1227354041046226,-0.09837851326463727,0.394208566344909,0.41629639382514516,0.45259326944101963,0.23138404156161582,0.03457954189433012,-0.08874813897133033,-0.08618315557867723,-0.053089892394212274,-0.051398574459267266,0.06250458166740282,0.15439989618777505,0.2235389999909776,0.14333843250811604,0.10342178218090187,0.12840633015398012,0.25518154661021825,0.035602454299951534,-0.03539083745677172,-0.01538390549604523,0.14130496767848266
b'SEEG GLC5',-0.0012019514134867521,0.3129683317361109,0.2201048803490995,0.2002058353456538,0.332664099521241,-0.040571887668573225,-0.004615364892524139,0.17136677255605545,0.17216803471719336,0.4190810804855324,0.42745178782632715,0.6427491147878698,0.6472157978500883,0.4219928536741935,0.19540129073312867,0.24264799082097577,0.16787117941834534,0.3549655596354369,0.6159698239602659,0.0,0.7509853633407098,0.4214413241724273,0.2856154648811653,0.2509280860160818,0.17363470955537932,0.43327379241087666,0.6440687678815905,0.8181944820096294,0.4999505813291474,0.18565357085536438,0.17181584969430908,0.19544939784096105,0.2829330809043369,0.49064712349263845,0.6086126164155699,0.5442211189373283,0.09647733298889326,-0.10197502765443775,-0.027821260658248106,0.21682795417888673,0.3610653983047093,0.4743851923456561,0.4670271416877162,0.3534975026829814,-0.1080276329226859,-0.17716808792088687,-0.11819251768670262,0.30370372784648114,0.3454145400333795,0.44296188940316894,0.33765387696214705,0.30226828521927906,-0.11177765743351073,-0.0003009452061413972,-0.06609904294410573,0.3224064850109539,0.3447613994334974,0.36401494047905963,0.1567947992739289,0.02691821032301918,-0.0465885932923181,-0.08499254239675662,-0.07739082998716777,0.041269299710955776,0.06525799104390319,0.18014968668484976,0.2367019520243285,0.18801649320662817,0.22241000620418117,0.3104638098896356,0.36087129397842727,0.07188497021804532,0.08515647276138814,0.20525891264146637,0.32216415227560097
b'SEEG GLC6',-0.0030826164817274694,0.2766206873248528,0.2744883399965825,0.20364303729170666,0.38893325354342523,0.12373730010560861,0.21325848997063465,0.16029678935704697,0.1690519922965115,0.3292702404060556,0.3912585121196728,0.6482027625507784,0.8248749695803476,0.7749362938107818,0.47992705327555196,0.20408333651816343,0.07343264591855775,0.2877670072108758,0.477901542863566,0.7509853633407098,0.0,0.8725629045478076,0.6498819419961761,0.1517284415827976,0.018270463152081428,0.38180055405508223,0.5769111542743762,0.7484268741162047,0.859239332045611,0.5991800194011935,0.5798385758665286,0.055527888517253925,0.12266705280015286,0.381258287521679,0.5732707239864362,0.594363516678239,0.31519229690222056,0.13759355260457728,0.3717509457147954,0.0536133190619929,0.19314894456599255,0.35878602877943194,0.48930823370299975,0.3766965824851326,0.039527994244680544,0.1240259403386901,0.24274222263167108,0.16606853947107927,0.1856340953717803,0.3410096836110688,0.3798294870766869,0.2704746428992205,-0.02390397858324645,0.14398838406080447,0.2110648174751006,0.23569939876208756,0.23062580062138058,0.2825061505234556,0.11400929668288662,-0.014204124016546938,-0.0332835845342325,0.052998507047245076,0.1379272999955159,0.021814625722335272,0.13235853614275866,0.2075592930570894,0.1657949426138141,0.19940147700975952,0.28528212417626075,0.42922848716961903,0.28890025728305796,0.058506461478214554,0.06289400627799886,0.1140883079197175,0.33149623866805195
b'SEEG GLC7',-0.0017885337197764385,0.19017498549317444,0.24886478392887842,0.12611393671959475,0.33578982769608745,0.22926664238386993,0.3358594216986338,0.14800307030839682,0.14751615278122285,0.2191418733848176,0.30662959963779574,0.4772424475545055,0.7184049039843049,0.8551660535101282,0.6121191945864398,0.08412904960962818,0.0009220709691992401,0.14999790577871294,0.26366285354550045,0.4214413241724273,0.8725629045478076,0.0,0.8401439683140779,0.0016931859641630348,-0.03556548318331662,0.271342500512894,0.39676605854115754,0.4901077254544489,0.874300396051606,0.8098174985949362,0.806780124090977,0.009869936295731725,0.05978925946930049,0.22770181650486598,0.37302994919623217,0.4203786125273087,0.4478532649454494,0.37223808650550994,0.628695839457804,0.0066463425229758,0.11010045937452433,0.22002444636205282,0.3253550791663262,0.23884017439459207,0.15617599259968892,0.37160358651978564,0.4549803257439506,0.11465939587879871,0.102028874685156,0.19828031300425533,0.25946054517968214,0.1075278967968333,0.0469510120699317,0.20406919454450234,0.36289160755324723,0.15977112468438762,0.13643815678314739,0.14522222457370929,-0.00350038759105347,-0.0893822030616753,-0.0580541592778754,0.10699922478449625,0.1796595046056137,-0.0005195237241903063,0.15482692609375737,0.15360850900144968,0.13136769503112364,0.1348941734568781,0.2761233391320275,0.44560837113041873,0.21684847002742505,-0.0012277152781150734,0.03788843155540785,-0.011929791538103196,0.28699978595363906
b'SEEG GLC8',0.0007510341215547509,0.26335339626395876,0.20109842954141474,0.059869082325518116,0.3077459788243253,0.20441424959013188,0.2772654108874765,0.16595109994330293,0.10628116934844198,0.19886327358295605,0.2320011930280502,0.3848486001786278,0.5568836464076247,0.7533952097111996,0.6998436005117817,0.034393438311665366,0.01015602949647805,0.1302380777123871,0.2040128191102166,0.2856154648811653,0.6498819419961761,0.8401439683140779,0.0,0.00614820645550238,0.057543360390436595,0.2848804581850954,0.3314057304684874,0.3552300093661491,0.6638461239371869,0.6582572988196407,0.7576591885899372,0.06606829754866012,0.11139427570853257,0.2486268602215563,0.32779130395847333,0.30034771333099464,0.283288773704079,0.29344468773189325,0.464957778389801,0.1006841573734265,0.17697984589486596,0.25996528508752986,0.27603609790883665,0.16142810176069367,-0.06950406687979814,0.17581335099075288,0.25362133117682545,0.21722979951800014,0.22203341663954923,0.2530029039575506,0.22597612089274155,0.06568326988933981,-0.10467931209947087,-0.0023113431289551603,0.25027834677064764,0.256686201619607,0.2707735845207423,0.21743117424830258,0.002461761060163219,-0.17796231451468336,-0.2388012460622287,-0.03519447001310434,0.040364971150197285,-0.08142978428832512,0.07569126546542113,0.14414255695648232,0.24244962978958456,0.011876619056067812,0.21042042596043806,0.4478396584943675,0.24147955898446577,-0.035196138828017594,-0.032259642151020305,-0.16191107659025172,0.17949315733765395
b'SEEG GLD1',0.0020208960483115244,0.11670047084415523,0.0810500859835898,0.18732675793194808,0.23371825331857482,-0.006335204884982796,0.006323240040439659,0.29876586407243055,0.1700578265602392,0.2681225361333155,0.2251399023973453,0.29460740974924415,0.20091299740575236,0.11443372032970195,-0.010902134710605013,0.4223926358893855,0.44638047988539686,0.3061188872722988,0.3348166411055664,0.2509280860160818,0.1517284415827976,0.0016931859641630348,0.00614820645550238,0.0,0.5489670512531251,0.3142804710946081,0.22248356623952925,0.21505602958257464,0.07946751221559194,-0.03318589358401315,0.0020355983898776874,0.7148288279235198,0.6104466976839221,0.4454892456717338,0.27859269998479264,0.14301990951409815,-0.011271902672126115,-0.061991518615331004,-0.08059230701569264,0.6236414803456314,0.5509296641435244,0.3962775500634162,0.12295296769719603,-0.0007027845302970176,-0.16584496674288188,-0.1973203912235583,-0.1958651480749426,0.5072695835257824,0.444626449305336,0.3180030759362024,0.061843047808695505,0.023050910040918388,-0.26067669622079703,-0.23540634982278666,-0.07879551282788999,0.4068804508313365,0.3154185879379766,0.32578451426132915,0.1152901184380659,-0.02651391380084617,-0.17302554405567722,-0.014566134292545947,0.015675427951641317,0.18381643623080104,0.17102775335894202,0.209374312810824,0.22707572213742375,0.11318548023869679,0.27629837702893173,0.23109682232437273,0.3311648049041001,0.061406206851687906,0.11157773066040902,0.17577058777354676,0.10467419117652414
b'SEEG GLD2',0.0013863073626893651,0.11926901790705431,0.19505715838053375,0.29988505112208164,0.24761144695083606,-0.14135337864682737,-0.13685056744831048,0.3265009885786711,0.13448814341453638,0.2947769301412614,0.1856135074812209,0.2013496834008781,0.13444759046291577,0.030418695365276815,-0.12327591853134222,0.273041558099562,0.5920573012617155,0.4978852907197663,0.3459347918631104,0.17363470955537932,0.018270463152081428,-0.03556548318331662,0.057543360390436595,0.5489670512531251,0.0,0.5503876470123626,0.31540121678143374,0.12213425116669842,-0.05533143684549931,-0.03367437336372331,0.07056881485836936,0.7028119874204328,0.7361596245324084,0.6113760812609484,0.3180015192130869,0.010395852612596911,0.032436248937423647,0.01841143274871675,-0.03365776623351499,0.6975255873919788,0.6861670875131473,0.54870959874093,0.009605310124019275,-0.26221344419798487,-0.07454674006447926,-0.09429967282082669,-0.1573114127365294,0.6002677465033556,0.6404108566522384,0.4308836484329657,-0.07758885576670649,-0.09406958838677336,-0.21935222219885567,-0.18873150627893512,0.04174665291171471,0.46447731726835,0.5132139054675199,0.3772673528777068,-0.03169528986741669,-0.24303500251087018,-0.2737470170033419,0.0889434923325322,-0.046238670410132826,0.09093513413112582,0.2055925454833084,0.23222255922630355,0.3507614946547589,0.07606956540775105,0.27248664131574013,0.11563274798249033,0.3050048728658857,0.020031323626062858,-0.014881707400582492,-0.14758660035661558,0.05013020537846154
b'SEEG GLD3',0.0008274125948526557,0.24134404336573326,0.20043032815952877,0.2892089702563037,0.3048962027716222,-0.1425599901436069,-0.08553849024515095,0.28627128961151976,0.12298642618097246,0.5361043398759182,0.46578279192143773,0.5420691354025345,0.38303981857786196,0.26243522978757056,0.1287856809052214,0.25596956422344397,0.4443863509536062,0.8033977765703169,0.7770105721291901,0.43327379241087666,0.38180055405508223,0.271342500512894,0.2848804581850954,0.3142804710946081,0.5503876470123626,0.0,0.8476367916042681,0.5186151817614678,0.31081873591632087,0.11935574163971709,0.17571695123667042,0.4119844351196213,0.5636200735098399,0.8146486150903793,0.7228332258820598,0.3894870595913442,0.08169494559221825,-0.062096728561790444,-0.02105694820439907,0.45010909100851426,0.5937737830738699,0.6435761930551074,0.3514014663281737,0.10423583533201576,-0.11821365281482897,-0.15068834763725888,-0.0909469535637756,0.4575068098083999,0.5278405849769384,0.5022913943849465,0.22805199971091025,0.2676836114785198,-0.07987016650051004,-0.15424594500500344,0.05198239073249812,0.4294465193162894,0.4707254515909121,0.4752131631262449,0.2147035867837729,-0.09414987033193349,-0.160826203706556,-0.0028090317581026102,0.04216035450556051,0.027754362301368168,0.09956496972415765,0.19506088523598017,0.3131023566711172,0.08654262872794215,0.10169331220196588,0.1821447921738457,0.23282427544825773,0.03139547624781341,-0.08285103471151162,-0.20608147506349517,0.047638694326894
